[RECRUITMENT]
Date	17/05/23 08:33:03
Fichier	1684312383672.txt
Ventilateur	36373 
Système	3.0 
Version	3.0.1.61201 
Statut du contrôle avant utilisation	Succès
Dernière exécution du contrôle avant utilisation	13/05/23 15:43:55
Date format	dd/MM/yy
Language setting	fr_FR
Decimal separator	COMMA
==========
Heure de démarrage de la manœuvre de recrutement	08:06:03
Heure de fin de la manœuvre de recrutement	08:36:03
Plage horaire	30 Minutes

[DATA]
Durée	Cdyn (ml/cmH2O)	Fin PI (cmH2O)	PEP (cmH2O)	Vce (ml)	Vci (ml)	Pmotrice (cmH2O)	I:E ()	FR (resp/min)	IS ()
08:06:03	24,7	27	12	384	381	15	1 : 1,5	26	1,13	
08:06:06	24,9	27	12	385	381	15	1 : 1,5	26	1,13	
08:06:08	25,1	27	12	387	381	15	1 : 1,6	26	1,13	
08:06:10	27,0	31	12	381	381	***	1 : 2,8	26	1,09	
08:06:12	26,9	31	12	379	386	***	1 : 2,8	26	1,09	
08:06:15	26,7	31	12	380	390	***	1 : 2,9	26	1,06	
08:06:17	27,0	31	12	376	386	***	1 : 2,8	26	1,06	
08:06:19	26,5	31	12	375	387	***	1 : 2,9	26	1,05	
08:06:21	26,9	31	12	380	384	***	1 : 2,9	26	1,05	
08:06:24	26,2	31	12	380	388	***	1 : 2,9	26	1,04	
08:06:26	26,4	31	12	378	386	***	1 : 2,8	26	1,06	
08:06:28	25,9	31	12	378	388	***	1 : 2,9	26	1,06	
08:06:31	25,7	31	12	378	389	***	1 : 2,9	26	1,08	
08:06:33	25,4	31	12	375	386	***	1 : 2,9	26	1,08	
08:06:35	25,5	32	12	374	385	***	1 : 2,9	26	1,11	
08:06:38	25,9	32	12	380	390	***	1 : 2,8	26	1,11	
08:06:40	26,6	31	12	385	391	***	1 : 2,8	26	1,09	
08:06:42	26,6	31	12	377	387	***	1 : 2,8	26	1,09	
08:06:45	27,1	31	12	381	390	***	1 : 2,8	26	1,08	
08:06:47	26,7	31	12	379	386	***	1 : 2,8	26	1,08	
08:06:49	26,7	30	12	379	388	***	1 : 2,9	26	1,09	
08:06:52	26,1	31	12	379	386	***	1 : 2,8	26	1,09	
08:06:54	26,3	31	12	379	388	***	1 : 2,8	26	1,09	
08:06:56	26,0	32	12	382	391	***	1 : 2,8	26	1,07	
08:06:58	25,7	32	12	377	388	***	1 : 2,8	26	1,07	
08:07:01	25,5	32	12	380	390	***	1 : 2,9	26	1,11	
08:07:03	25,5	32	12	377	389	***	1 : 2,9	26	1,11	
08:07:05	25,8	31	12	379	388	***	1 : 2,9	26	1,10	
08:07:08	26,8	31	12	380	388	***	1 : 2,9	26	1,10	
08:07:10	26,5	30	12	379	389	***	1 : 2,9	26	1,09	
08:07:12	26,9	30	12	380	389	***	1 : 2,9	26	1,07	
08:07:15	27,1	30	12	377	387	***	1 : 2,9	26	1,07	
08:07:17	26,5	31	12	380	386	***	1 : 2,9	26	1,07	
08:07:19	26,8	31	12	378	386	***	1 : 2,8	26	1,07	
08:07:22	26,2	31	12	383	387	***	1 : 2,8	26	1,06	
08:07:24	26,2	31	12	378	388	***	1 : 2,9	26	1,06	
08:07:26	25,8	31	12	379	388	***	1 : 2,9	26	1,08	
08:07:28	26,3	31	12	380	390	***	1 : 2,9	26	1,08	
08:07:31	25,9	31	12	380	389	***	1 : 2,9	26	1,11	
08:07:33	25,4	32	12	381	389	***	1 : 2,8	26	1,12	
08:07:35	25,6	32	12	378	390	***	1 : 2,8	26	1,13	
08:07:38	26,0	31	12	381	390	***	1 : 2,9	26	1,14	
08:07:40	26,6	31	12	383	390	***	1 : 2,9	26	1,12	
08:07:42	26,6	30	12	380	389	***	1 : 2,9	26	1,09	
08:07:45	26,6	30	12	379	390	***	1 : 2,9	26	1,09	
08:07:47	26,8	31	12	377	386	***	1 : 2,8	26	1,08	
08:07:49	26,8	31	12	378	390	***	1 : 2,8	26	1,08	
08:07:52	26,7	31	12	380	389	***	1 : 2,9	26	1,07	
08:07:54	26,5	31	12	378	386	***	1 : 2,9	26	1,07	
08:07:56	26,6	31	12	379	390	***	1 : 2,8	26	1,08	
08:07:58	26,0	31	12	380	388	***	1 : 2,9	26	1,08	
08:08:01	25,7	31	12	379	388	***	1 : 2,9	26	1,09	
08:08:03	25,7	31	12	376	385	***	1 : 2,8	26	1,10	
08:08:05	25,6	31	12	381	386	***	1 : 2,8	26	1,10	
08:08:08	25,6	31	12	379	388	***	1 : 2,9	26	1,09	
08:08:10	25,5	31	12	381	384	***	1 : 2,9	26	1,09	
08:08:12	25,3	32	12	378	387	***	1 : 2,9	26	1,09	
08:08:15	25,4	32	12	381	386	***	1 : 2,9	26	1,09	
08:08:17	25,3	32	12	377	387	***	1 : 2,9	26	1,11	
08:08:19	26,3	32	12	379	388	***	1 : 2,9	26	1,11	
08:08:22	25,8	31	12	383	388	***	1 : 2,8	26	1,10	
08:08:24	26,5	31	12	380	388	***	1 : 2,8	26	1,10	
08:08:26	26,7	31	12	379	388	***	1 : 2,8	26	1,09	
08:08:28	26,8	30	12	379	390	***	1 : 2,9	26	1,08	
08:08:31	27,3	30	12	376	386	***	1 : 2,9	26	1,08	
08:08:33	26,4	31	12	378	387	***	1 : 2,9	26	1,08	
08:08:35	26,3	31	12	379	388	***	1 : 2,9	26	1,07	
08:08:38	25,8	31	12	381	390	***	1 : 2,8	26	1,06	
08:08:40	25,8	31	12	379	388	***	1 : 2,8	26	1,06	
08:08:42	25,6	32	12	380	390	***	1 : 2,8	26	1,09	
08:08:45	25,5	32	12	379	389	***	1 : 2,9	26	1,09	
08:08:47	25,5	31	12	379	388	***	1 : 2,9	26	1,11	
08:08:49	26,1	31	12	382	390	***	1 : 2,9	26	1,11	
08:08:52	26,5	31	12	382	388	***	1 : 2,8	26	1,09	
08:08:54	26,7	31	12	377	387	***	1 : 2,8	26	1,08	
08:08:56	26,8	30	12	378	390	***	1 : 2,9	26	1,07	
08:08:58	26,4	31	12	378	388	***	1 : 2,9	26	1,08	
08:09:01	26,2	31	12	380	386	***	1 : 2,9	26	1,08	
08:09:03	26,2	31	12	375	386	***	1 : 2,8	26	1,07	
08:09:05	26,0	31	12	380	390	***	1 : 2,8	26	1,07	
08:09:08	26,2	31	12	381	390	***	1 : 2,9	26	1,08	
08:09:10	25,5	31	12	376	389	***	1 : 2,8	26	1,08	
08:09:12	25,6	32	12	377	387	***	1 : 2,8	26	1,12	
08:09:15	25,5	32	12	381	390	***	1 : 2,8	26	1,12	
08:09:17	26,0	31	12	379	390	***	1 : 2,9	26	1,11	
08:09:19	26,5	31	12	380	388	***	1 : 2,9	26	1,11	
08:09:22	26,4	31	12	378	388	***	1 : 2,8	26	1,10	
08:09:24	26,6	31	12	379	387	***	1 : 2,8	26	1,08	
08:09:26	26,7	31	12	381	389	***	1 : 2,8	26	1,07	
08:09:28	26,8	30	12	379	389	***	1 : 2,9	26	1,05	
08:09:31	26,6	30	12	378	389	***	1 : 2,9	26	1,04	
08:09:33	26,4	31	12	377	388	***	1 : 2,9	26	1,03	
08:09:35	26,6	31	12	379	384	***	1 : 2,8	26	1,03	
08:09:38	26,1	31	12	382	391	***	1 : 2,8	26	1,05	
08:09:40	26,2	31	12	382	390	***	1 : 2,9	26	1,05	
08:09:42	26,3	32	12	379	388	***	1 : 2,9	26	1,08	
08:09:45	25,4	32	12	378	393	***	1 : 2,7	26	1,08	
08:09:47	25,5	32	12	380	388	***	1 : 2,8	26	1,11	
08:09:49	25,3	32	12	378	389	***	1 : 2,8	26	1,11	
08:09:52	26,2	32	12	381	390	***	1 : 2,8	26	1,12	
08:09:54	26,8	31	12	381	389	***	1 : 2,9	26	1,10	
08:09:56	26,9	30	12	382	390	***	1 : 2,9	26	1,09	
08:09:59	26,6	31	12	378	388	***	1 : 2,9	26	1,08	
08:10:01	27,6	31	12	380	388	***	1 : 2,9	26	1,08	
08:10:03	27,2	31	12	384	388	***	1 : 2,8	26	1,08	
08:10:05	26,3	31	12	387	388	***	1 : 2,8	26	1,08	
08:10:08	26,3	31	12	377	389	***	1 : 2,9	26	1,06	
08:10:10	25,9	31	12	380	389	***	1 : 2,9	26	1,06	
08:10:12	25,8	31	12	379	390	***	1 : 2,9	26	1,09	
08:10:15	25,8	31	12	377	387	***	1 : 2,8	26	1,09	
08:10:17	25,6	32	12	380	389	***	1 : 2,8	26	1,10	
08:10:19	25,7	32	12	379	388	***	1 : 2,8	26	1,10	
08:10:22	25,3	32	12	379	386	***	1 : 2,8	26	1,10	
08:10:24	25,9	32	12	379	389	***	1 : 2,8	26	1,11	
08:10:26	25,9	32	12	381	389	***	1 : 2,9	26	1,12	
08:10:29	26,0	31	12	381	392	***	1 : 2,9	26	1,10	
08:10:31	27,1	31	12	382	388	***	1 : 2,8	26	1,10	
08:10:33	26,7	31	12	380	388	***	1 : 2,8	26	1,08	
08:10:35	27,3	31	12	381	389	***	1 : 2,8	26	1,08	
08:10:38	27,1	30	12	381	389	***	1 : 2,9	26	1,06	
08:10:40	26,8	30	12	379	389	***	1 : 2,9	26	1,06	
08:10:42	26,5	31	12	378	389	***	1 : 2,9	26	1,05	
08:10:45	26,2	31	12	376	386	***	1 : 2,9	26	1,05	
08:10:47	26,5	31	12	381	388	***	1 : 2,8	26	1,05	
08:10:49	25,9	31	12	384	393	***	1 : 2,8	26	1,07	
08:10:52	26,0	31	12	382	391	***	1 : 2,9	26	1,08	
08:10:54	25,6	32	12	379	390	***	1 : 2,9	26	1,10	
08:10:56	25,2	32	12	378	388	***	1 : 2,9	26	1,10	
08:10:59	25,4	32	12	377	387	***	1 : 2,8	26	1,11	
08:11:01	25,4	32	12	378	384	***	1 : 2,9	26	1,11	
08:11:03	26,2	32	12	381	388	***	1 : 2,9	26	1,12	
08:11:05	26,1	32	12	383	387	***	1 : 2,8	26	1,12	
08:11:08	26,4	31	12	381	389	***	1 : 2,9	26	1,12	
08:11:10	26,5	31	12	381	389	***	1 : 2,9	26	1,12	
08:11:12	26,5	31	12	381	390	***	1 : 2,8	26	1,11	
08:11:15	27,6	30	12	380	388	***	1 : 2,8	26	1,10	
08:11:17	26,7	31	12	377	387	***	1 : 2,9	26	1,08	
08:11:19	26,7	31	12	376	389	***	1 : 2,8	26	1,07	
08:11:22	26,4	31	12	375	388	***	1 : 2,8	26	1,07	
08:11:24	26,6	31	12	378	388	***	1 : 2,8	26	1,06	
08:11:26	26,1	31	12	382	391	***	1 : 2,8	26	1,06	
08:11:29	26,3	31	12	382	389	***	1 : 2,8	26	1,08	
08:11:31	25,7	31	12	381	392	***	1 : 2,8	26	1,08	
08:11:33	25,6	32	12	379	389	***	1 : 2,8	26	1,10	
08:11:35	25,5	32	12	381	384	***	1 : 2,9	26	1,10	
08:11:38	25,5	32	12	376	387	***	1 : 2,9	26	1,10	
08:11:40	25,9	32	12	380	390	***	1 : 2,8	26	1,11	
08:11:42	25,6	32	12	380	388	***	1 : 2,8	26	1,12	
08:11:45	26,4	31	12	384	391	***	1 : 2,9	26	1,12	
08:11:47	26,1	31	12	382	390	***	1 : 2,9	26	1,11	
08:11:49	26,7	31	12	382	390	***	1 : 2,8	26	1,09	
08:11:52	26,8	31	12	382	390	***	1 : 2,8	26	1,09	
08:11:54	27,2	31	12	379	390	***	1 : 2,9	26	1,07	
08:11:56	26,9	31	12	379	389	***	1 : 2,9	26	1,07	
08:11:59	26,6	31	12	377	388	***	1 : 2,8	26	1,06	
08:12:01	26,8	31	12	379	388	***	1 : 2,8	26	1,06	
08:12:03	26,5	31	12	380	389	***	1 : 2,8	26	1,06	
08:12:05	26,2	31	12	380	390	***	1 : 2,9	26	1,06	
08:12:08	25,8	31	12	378	390	***	1 : 2,9	26	1,07	
08:12:10	25,6	31	12	376	387	***	1 : 2,9	26	1,09	
08:12:12	25,6	32	12	382	390	***	1 : 2,8	26	1,10	
08:12:15	25,2	32	12	376	388	***	1 : 2,8	26	1,12	
08:12:17	26,0	32	12	381	389	***	1 : 2,8	26	1,12	
08:12:19	25,6	31	12	381	390	***	1 : 2,8	26	1,12	
08:12:22	26,3	31	12	381	389	***	1 : 2,8	26	1,12	
08:12:24	26,6	30	12	383	392	***	1 : 2,8	26	1,11	
08:12:26	26,9	30	12	378	389	***	1 : 2,9	26	1,11	
08:12:29	26,7	31	12	379	390	***	1 : 2,9	26	1,10	
08:12:31	26,8	31	12	378	387	***	1 : 2,9	26	1,10	
08:12:33	27,2	31	12	378	384	***	1 : 2,9	26	1,10	
08:12:35	26,3	31	12	377	388	***	1 : 2,8	26	1,09	
08:12:38	26,4	31	12	381	389	***	1 : 2,8	26	1,09	
08:12:40	26,2	31	12	380	387	***	1 : 2,8	26	1,09	
08:12:42	26,2	31	12	383	391	***	1 : 2,9	26	1,09	
08:12:45	25,9	31	12	377	383	***	1 : 2,9	26	1,10	
08:12:47	25,5	31	12	378	389	***	1 : 2,9	26	1,10	
08:12:49	25,3	32	12	378	387	***	1 : 2,9	26	1,11	
08:12:52	25,6	32	12	379	394	***	1 : 2,7	26	1,11	
08:12:54	26,1	31	12	380	388	***	1 : 2,8	26	1,10	
08:12:56	26,8	31	12	380	387	***	1 : 2,8	26	1,10	
08:12:59	27,0	31	12	380	389	***	1 : 2,8	26	1,08	
08:13:01	27,0	31	12	376	387	***	1 : 2,8	26	1,08	
08:13:03	27,3	30	12	379	387	***	1 : 2,9	26	1,08	
08:13:06	26,5	31	12	378	388	***	1 : 2,8	26	1,09	
08:13:08	26,6	31	12	381	389	***	1 : 2,9	26	1,09	
08:13:10	26,1	31	12	380	388	***	1 : 2,9	26	1,07	
08:13:12	25,8	31	12	379	390	***	1 : 2,8	26	1,07	
08:13:15	26,2	31	12	375	385	***	1 : 2,8	26	1,10	
08:13:17	25,7	31	12	378	388	***	1 : 2,9	26	1,10	
08:13:19	26,0	32	12	380	388	***	1 : 2,9	26	1,10	
08:13:22	25,6	32	12	378	391	***	1 : 2,9	26	1,10	
08:13:24	25,9	32	12	379	390	***	1 : 2,9	26	1,11	
08:13:26	26,0	32	12	379	389	***	1 : 2,8	26	1,12	
08:13:29	26,6	31	12	384	392	***	1 : 2,9	26	1,12	
08:13:31	26,6	30	12	381	389	***	1 : 2,9	26	1,09	
08:13:33	27,1	30	12	381	390	***	1 : 2,9	26	1,09	
08:13:36	26,9	31	12	378	389	***	1 : 2,9	26	1,09	
08:13:38	26,8	31	12	378	385	***	1 : 2,8	26	1,09	
08:13:40	26,8	31	12	379	390	***	1 : 2,8	26	1,08	
08:13:42	26,5	31	12	379	390	***	1 : 2,9	26	1,08	
08:13:45	26,8	31	12	379	389	***	1 : 2,9	26	1,09	
08:13:47	26,0	31	12	380	388	***	1 : 2,9	26	1,09	
08:13:49	25,8	31	12	378	388	***	1 : 2,8	26	1,10	
08:13:52	26,0	31	12	378	387	***	1 : 2,9	26	1,12	
08:13:54	25,9	32	12	380	390	***	1 : 2,9	26	1,14	
08:13:56	26,5	32	12	381	386	***	1 : 2,9	26	1,15	
08:13:59	26,2	32	12	378	388	***	1 : 2,8	26	1,15	
08:14:01	26,2	31	12	382	386	***	1 : 2,8	26	1,15	
08:14:03	26,6	31	12	383	392	***	1 : 2,8	26	1,12	
08:14:06	26,9	31	12	384	391	***	1 : 2,9	26	1,09	
08:14:08	27,1	31	12	379	392	***	1 : 2,9	26	1,08	
08:14:10	26,8	31	12	380	392	***	1 : 2,8	26	1,08	
08:14:13	24,9	27	12	383	388	15	1 : 1,6	26	1,07	
08:14:15	24,8	27	12	386	380	15	1 : 1,5	26	1,06	
08:14:17	24,5	28	12	382	377	16	1 : 1,6	26	1,05	
08:14:20	24,4	28	12	382	377	16	1 : 1,6	26	1,06	
08:14:22	23,8	28	12	382	380	17	1 : 1,5	26	1,08	
08:14:24	23,9	28	12	386	381	16	1 : 1,5	26	1,09	
08:14:27	23,9	28	12	386	381	16	1 : 1,5	26	1,10	
08:14:29	24,3	27	12	387	378	15	1 : 1,6	26	1,10	
08:14:31	24,8	27	12	385	378	15	1 : 1,6	26	1,10	
08:14:34	25,1	27	12	387	379	15	1 : 1,6	26	1,09	
08:14:36	25,1	27	12	384	379	15	1 : 1,5	26	1,07	
08:14:38	25,1	27	12	384	377	15	1 : 1,5	26	1,07	
08:14:40	25,1	27	12	385	379	16	1 : 1,6	26	1,07	
08:14:43	24,9	27	12	386	379	15	1 : 1,6	26	1,08	
08:14:45	24,7	28	12	385	381	16	1 : 1,6	26	1,07	
08:14:47	24,2	28	12	381	382	16	1 : 1,6	26	1,06	
08:14:50	23,9	28	12	381	380	16	1 : 1,5	26	1,06	
08:14:52	23,8	28	12	384	380	16	1 : 1,5	26	1,07	
08:14:54	24,1	27	12	387	379	15	1 : 1,6	26	1,10	
08:14:57	24,5	27	12	384	379	15	1 : 1,6	26	1,11	
08:14:59	24,8	27	12	387	378	15	1 : 1,6	26	1,09	
08:15:01	24,9	27	12	386	378	15	1 : 1,6	26	1,09	
08:15:04	25,1	28	12	385	380	15	1 : 1,6	26	1,08	
08:15:06	25,0	28	12	387	380	15	1 : 1,5	26	1,08	
08:15:08	25,0	27	12	387	379	16	1 : 1,6	26	1,09	
08:15:10	24,9	27	12	386	380	16	1 : 1,6	26	1,09	
08:15:13	24,6	28	12	386	380	16	1 : 1,6	26	1,08	
08:15:15	24,4	28	12	383	378	16	1 : 1,6	26	1,07	
08:15:17	24,1	28	12	381	378	16	1 : 1,6	26	1,08	
08:15:20	24,0	28	12	385	381	17	1 : 1,6	26	1,08	
08:15:22	23,8	28	12	386	381	16	1 : 1,6	26	1,09	
08:15:24	24,0	27	12	385	379	16	1 : 1,6	26	1,09	
08:15:27	24,2	27	12	382	380	15	1 : 1,5	26	1,09	
08:15:29	24,4	27	12	386	380	15	1 : 1,5	26	1,09	
08:15:31	24,6	27	12	385	379	15	1 : 1,5	26	1,10	
08:15:34	24,9	27	12	386	380	15	1 : 1,5	26	1,10	
08:15:36	25,0	27	12	385	380	15	1 : 1,5	26	1,09	
08:15:38	25,3	27	12	386	382	15	1 : 1,5	26	1,08	
08:15:41	25,2	27	12	383	380	15	1 : 1,5	26	1,09	
08:15:43	25,0	27	12	386	381	15	1 : 1,5	26	1,09	
08:15:45	24,8	28	12	385	378	15	1 : 1,6	26	1,09	
08:15:47	24,4	28	12	382	378	16	1 : 1,5	26	1,08	
08:15:50	24,0	28	12	381	380	16	1 : 1,6	26	1,08	
08:15:52	24,0	28	12	386	379	16	1 : 1,6	26	1,08	
08:15:54	24,1	27	12	384	379	16	1 : 1,6	26	1,09	
08:15:57	24,3	27	12	386	380	15	1 : 1,6	26	1,11	
08:15:59	24,7	27	12	386	381	15	1 : 1,6	26	1,12	
08:16:01	25,0	27	12	388	380	15	1 : 1,6	26	1,11	
08:16:04	25,2	27	12	386	380	15	1 : 1,6	26	1,10	
08:16:06	25,3	27	12	384	379	15	1 : 1,6	26	1,08	
08:16:08	25,2	27	12	385	379	15	1 : 1,6	26	1,08	
08:16:11	25,2	27	12	382	381	15	1 : 1,6	26	1,09	
08:16:13	25,2	27	12	386	381	15	1 : 1,6	26	1,09	
08:16:15	25,0	28	12	381	379	15	1 : 1,5	26	1,06	
08:16:17	24,9	28	12	385	379	16	1 : 1,5	26	1,06	
08:16:20	24,6	28	12	384	380	16	1 : 1,5	26	1,06	
08:16:22	24,4	28	12	384	380	16	1 : 1,5	26	1,08	
08:16:24	24,2	28	12	381	377	16	1 : 1,6	26	1,10	
08:16:27	24,2	28	12	384	380	16	1 : 1,5	26	1,10	
08:16:29	24,0	28	12	384	380	16	1 : 1,5	26	1,10	
08:16:31	24,0	28	12	385	380	16	1 : 1,6	26	1,09	
08:16:34	24,0	28	12	384	381	16	1 : 1,6	26	1,09	
08:16:36	24,3	27	12	386	380	15	1 : 1,6	26	1,09	
08:16:38	24,5	27	12	385	380	15	1 : 1,5	26	1,11	
08:16:41	24,8	27	12	384	380	15	1 : 1,6	26	1,12	
08:16:43	24,9	27	12	386	380	15	1 : 1,6	26	1,12	
08:16:45	25,1	27	12	385	379	15	1 : 1,5	26	1,12	
08:16:47	25,2	27	12	386	380	15	1 : 1,6	26	1,11	
08:16:50	25,3	27	12	386	379	15	1 : 1,6	26	1,10	
08:16:52	25,3	27	12	387	380	15	1 : 1,6	26	1,08	
08:16:54	26,4	27	10	458	380	17	1 : 1,5	26	#	
08:16:57	27,4	24	9,9	395	381	14	1 : 1,6	26	#	
08:16:59	27,3	24	10	389	381	14	1 : 1,5	26	#	
08:17:01	27,2	24	9,8	389	379	14	1 : 1,6	26	#	
08:17:04	27,1	24	9,9	384	380	14	1 : 1,5	26	#	
08:17:06	26,9	24	10	386	379	14	1 : 1,5	26	#	
08:17:08	26,7	24	10	385	379	14	1 : 1,5	26	#	
08:17:11	26,6	25	10	385	379	15	1 : 1,5	26	#	
08:17:13	26,2	25	9,9	386	381	15	1 : 1,5	26	1,05	
08:17:15	26,4	25	9,9	386	383	15	1 : 1,5	26	1,05	
08:17:18	26,4	24	10	386	380	14	1 : 1,6	26	1,05	
08:17:20	26,7	24	10	387	380	14	1 : 1,6	26	1,05	
08:17:22	27,0	24	10	387	380	14	1 : 1,6	26	1,05	
08:17:24	27,3	24	10	388	380	14	1 : 1,6	26	1,04	
08:17:27	27,6	24	10	386	383	14	1 : 1,6	26	1,03	
08:17:29	27,4	24	9,9	386	383	14	1 : 1,5	26	1,02	
08:17:31	27,3	24	9,9	384	380	14	1 : 1,5	26	1,03	
08:17:34	27,1	24	10	387	380	14	1 : 1,6	26	1,03	
08:17:36	27,0	24	10	386	380	14	1 : 1,6	26	1,03	
08:17:38	26,6	25	10	384	379	14	1 : 1,6	26	1,02	
08:17:41	26,4	25	9,9	383	383	15	1 : 1,5	26	1,02	
08:17:43	26,2	25	9,9	383	380	15	1 : 1,5	26	1,03	
08:17:45	26,3	25	9,9	385	380	15	1 : 1,5	26	1,04	
08:17:48	26,5	24	10	388	378	14	1 : 1,6	26	1,05	
08:17:50	26,7	24	10	387	378	14	1 : 1,6	26	1,05	
08:17:52	27,0	24	10	386	379	14	1 : 1,6	26	1,05	
08:17:54	27,3	24	10	385	379	14	1 : 1,6	26	1,04	
08:17:57	27,5	24	10	384	379	14	1 : 1,6	26	1,05	
08:17:59	27,3	24	10	385	379	14	1 : 1,6	26	1,04	
08:18:01	27,5	24	9,9	385	379	14	1 : 1,5	26	1,03	
08:18:04	27,2	24	10	386	380	14	1 : 1,6	26	1,03	
08:18:06	27,1	24	9,8	389	382	14	1 : 1,5	26	1,04	
08:18:08	27,0	24	9,9	387	378	14	1 : 1,6	26	1,03	
08:18:11	26,9	24	9,9	384	378	14	1 : 1,5	26	1,03	
08:18:13	26,5	25	10	386	379	15	1 : 1,6	26	1,04	
08:18:15	26,2	25	10	383	379	15	1 : 1,6	26	1,03	
08:18:18	26,4	25	9,9	387	380	15	1 : 1,6	26	1,04	
08:18:20	26,2	25	9,9	385	382	15	1 : 1,5	26	1,04	
08:18:22	26,5	24	10	389	381	15	1 : 1,5	26	1,04	
08:18:24	26,7	24	10	388	383	14	1 : 1,5	26	1,04	
08:18:27	27,2	24	10	388	379	14	1 : 1,5	26	1,05	
08:18:29	27,2	24	10	386	380	14	1 : 1,5	26	1,05	
08:18:31	27,6	24	10	387	379	14	1 : 1,6	26	1,04	
08:18:34	27,1	24	9,7	379	379	14	1 : 1,6	26	1,03	
08:18:36	28,2	24	9,8	392	379	14	1 : 1,6	26	1,03	
08:18:38	27,0	24	9,8	384	379	14	1 : 1,6	26	1,04	
08:18:41	26,9	24	9,9	383	379	14	1 : 1,6	26	1,04	
08:18:43	26,9	24	10	383	379	14	1 : 1,6	26	1,04	
08:18:45	26,7	24	10	383	379	14	1 : 1,6	26	1,05	
08:18:48	26,4	25	10	383	380	15	1 : 1,6	26	1,05	
08:18:50	26,2	25	9,9	385	380	15	1 : 1,5	26	1,06	
08:18:52	26,3	25	9,9	385	378	15	1 : 1,6	26	1,07	
08:18:54	26,2	25	9,9	383	378	15	1 : 1,6	26	1,06	
08:18:57	26,3	25	10	386	380	15	1 : 1,6	26	1,06	
08:18:59	26,5	24	10	386	378	14	1 : 1,6	26	1,06	
08:19:01	26,6	24	10	384	378	14	1 : 1,5	26	1,06	
08:19:04	26,9	24	10	386	380	14	1 : 1,6	26	1,05	
08:19:06	27,0	24	10	386	380	14	1 : 1,5	26	1,05	
08:19:08	27,2	24	10	385	380	14	1 : 1,6	26	1,04	
08:19:11	27,5	24	10	387	380	14	1 : 1,6	26	1,03	
08:19:13	27,2	24	9,9	386	380	14	1 : 1,5	26	1,03	
08:19:15	27,2	24	9,9	384	378	14	1 : 1,5	26	1,03	
08:19:18	27,0	24	9,9	386	380	14	1 : 1,5	26	1,03	
08:19:20	26,9	24	10	385	379	14	1 : 1,5	26	1,03	
08:19:22	26,6	24	9,9	385	381	15	1 : 1,6	26	1,02	
08:19:24	26,2	25	9,9	383	380	15	1 : 1,6	26	1,02	
08:19:27	26,2	25	9,9	385	380	15	1 : 1,6	26	1,03	
08:19:29	26,1	24	9,9	384	381	15	1 : 1,5	26	1,04	
08:19:31	26,5	24	9,9	387	381	15	1 : 1,5	26	1,05	
08:19:34	26,5	24	10	385	380	14	1 : 1,6	26	1,05	
08:19:36	26,6	24	10	387	380	14	1 : 1,6	26	1,04	
08:19:38	26,9	24	10	387	379	14	1 : 1,6	26	1,05	
08:19:41	26,8	24	10	381	381	14	1 : 1,5	26	1,05	
08:19:43	26,8	24	10	384	379	14	1 : 1,6	26	1,07	
08:19:45	27,0	24	10	385	379	14	1 : 1,6	26	1,07	
08:19:48	27,1	24	10	387	379	14	1 : 1,6	26	1,06	
08:19:50	27,3	24	10	385	380	14	1 : 1,6	26	1,05	
08:19:52	27,3	24	9,9	384	378	14	1 : 1,6	26	1,04	
08:19:54	27,3	24	10	384	379	14	1 : 1,5	26	1,04	
08:19:57	27,1	24	9,8	388	381	14	1 : 1,6	26	1,04	
08:19:59	26,9	24	9,9	386	379	14	1 : 1,5	26	1,03	
08:20:01	26,6	24	10	384	379	14	1 : 1,6	26	1,03	
08:20:04	26,6	25	10	384	380	15	1 : 1,6	26	1,05	
08:20:06	26,4	25	10	385	380	15	1 : 1,6	26	1,05	
08:20:08	26,1	25	10	382	380	15	1 : 1,6	26	1,06	
08:20:11	26,1	25	9,9	386	382	15	1 : 1,5	26	1,07	
08:20:13	26,1	25	9,9	385	380	15	1 : 1,5	26	1,07	
08:20:15	26,3	24	10	385	380	14	1 : 1,5	26	1,07	
08:20:18	26,5	24	10	386	381	14	1 : 1,6	26	1,07	
08:20:20	26,7	24	10	386	380	14	1 : 1,6	26	1,07	
08:20:22	26,7	24	10	382	379	14	1 : 1,6	26	1,06	
08:20:25	26,9	24	10	385	380	14	1 : 1,5	26	1,07	
08:20:27	27,2	24	10	387	380	14	1 : 1,6	26	1,07	
08:20:29	27,3	24	10	386	379	14	1 : 1,6	26	1,06	
08:20:31	27,5	24	10	386	379	14	1 : 1,6	26	1,05	
08:20:34	27,3	24	10	385	380	14	1 : 1,6	26	1,06	
08:20:36	27,4	24	9,8	387	380	14	1 : 1,6	26	1,04	
08:20:38	27,1	24	10	385	379	14	1 : 1,6	26	1,04	
08:20:41	27,1	24	9,9	386	380	14	1 : 1,5	26	1,03	
08:20:43	27,0	24	9,8	388	380	14	1 : 1,6	26	1,03	
08:20:45	26,8	24	9,9	386	380	14	1 : 1,6	26	1,03	
08:20:48	26,9	24	10	385	378	14	1 : 1,6	26	1,05	
08:20:50	26,5	25	9,9	386	379	15	1 : 1,6	26	1,06	
08:20:52	26,5	25	10	385	379	15	1 : 1,6	26	1,05	
08:20:55	26,1	25	9,9	382	380	15	1 : 1,5	26	1,06	
08:20:57	26,1	25	9,9	385	380	15	1 : 1,6	26	1,06	
08:20:59	26,1	24	9,9	384	380	15	1 : 1,5	26	1,05	
08:21:01	26,5	24	10	385	382	14	1 : 1,5	26	1,05	
08:21:04	26,5	24	10	386	380	14	1 : 1,6	26	1,05	
08:21:06	26,8	24	10	385	380	14	1 : 1,5	26	1,06	
08:21:08	27,0	24	10	384	379	14	1 : 1,5	26	1,07	
08:21:11	27,1	24	10	384	378	14	1 : 1,5	26	1,07	
08:21:13	27,2	24	10	386	380	14	1 : 1,6	26	1,06	
08:21:15	27,1	24	10	384	379	14	1 : 1,6	26	1,06	
08:21:18	27,3	24	9,8	384	379	14	1 : 1,5	26	1,05	
08:21:20	27,1	24	10	386	381	14	1 : 1,6	26	1,05	
08:21:22	27,0	24	9,9	386	381	14	1 : 1,6	26	1,07	
08:21:25	26,9	24	10	385	380	14	1 : 1,6	26	1,07	
08:21:27	26,5	25	10	383	379	15	1 : 1,5	26	1,06	
08:21:29	26,3	25	10	382	378	15	1 : 1,6	26	1,06	
08:21:31	26,2	25	9,9	387	381	15	1 : 1,6	26	1,06	
08:21:34	26,0	25	9,9	383	380	15	1 : 1,5	26	1,07	
08:21:36	26,5	24	10	388	382	14	1 : 1,5	26	1,08	
08:21:38	26,7	24	10	384	378	14	1 : 1,6	26	1,09	
08:21:41	27,1	24	10	385	379	14	1 : 1,5	26	1,07	
08:21:43	27,2	24	10	386	380	14	1 : 1,5	26	1,06	
08:21:45	27,3	24	10	385	380	14	1 : 1,6	26	1,04	
08:21:48	27,2	24	10	385	380	14	1 : 1,5	26	1,04	
08:21:50	27,1	24	9,9	387	382	14	1 : 1,5	26	1,05	
08:21:52	26,7	24	10	383	378	14	1 : 1,5	26	1,05	
08:21:55	26,5	25	10	384	379	15	1 : 1,6	26	1,04	
08:21:57	26,3	25	10	383	380	15	1 : 1,6	26	1,03	
08:21:59	26,0	25	9,9	384	382	15	1 : 1,5	26	1,03	
08:22:01	26,2	25	9,9	383	378	15	1 : 1,5	26	1,04	
08:22:04	26,2	24	10	385	380	14	1 : 1,6	26	1,05	
08:22:06	26,6	24	10	386	379	14	1 : 1,6	26	1,06	
08:22:08	26,9	24	10	384	379	14	1 : 1,5	26	1,06	
08:22:11	27,5	24	10	387	379	14	1 : 1,6	26	1,06	
08:22:13	27,2	24	9,9	384	379	14	1 : 1,6	26	1,05	
08:22:15	27,1	24	10	386	379	14	1 : 1,6	26	1,05	
08:22:18	26,9	24	9,9	386	381	14	1 : 1,5	26	1,06	
08:22:20	26,8	24	10	386	380	14	1 : 1,5	26	1,06	
08:22:22	26,5	25	9,9	384	380	15	1 : 1,5	26	1,06	
08:22:25	26,2	25	10	382	378	15	1 : 1,6	26	1,05	
08:22:27	26,0	25	9,9	382	379	15	1 : 1,5	26	1,05	
08:22:29	26,2	25	9,9	385	379	15	1 : 1,5	26	1,05	
08:22:32	26,3	24	10	386	381	14	1 : 1,5	26	1,06	
08:22:34	26,6	24	10	386	381	14	1 : 1,6	26	1,06	
08:22:36	26,8	24	10	382	380	14	1 : 1,5	26	1,07	
08:22:38	27,1	24	10	386	380	14	1 : 1,5	26	1,06	
08:22:41	27,4	24	10	385	378	14	1 : 1,6	26	1,05	
08:22:43	27,5	24	9,9	386	378	14	1 : 1,6	26	1,04	
08:22:45	27,2	24	10	383	379	14	1 : 1,6	26	1,04	
08:22:48	27,1	24	9,9	386	381	14	1 : 1,5	26	1,05	
08:22:50	26,6	24	10	385	381	14	1 : 1,6	26	1,04	
08:22:52	26,4	25	10	384	379	15	1 : 1,6	26	1,04	
08:22:55	26,1	25	9,9	381	378	15	1 : 1,6	26	1,02	
08:22:57	26,1	24	9,9	382	378	15	1 : 1,6	26	1,03	
08:22:59	26,5	24	10	386	379	14	1 : 1,6	26	1,04	
08:23:02	26,5	24	10	385	380	14	1 : 1,6	26	1,06	
08:23:04	26,8	24	10	384	377	14	1 : 1,6	26	1,06	
08:23:06	27,3	24	10	386	378	14	1 : 1,6	26	1,05	
08:23:08	27,2	24	10	386	380	14	1 : 1,6	26	1,04	
08:23:11	27,2	24	9,9	384	378	14	1 : 1,6	26	1,03	
08:23:13	27,0	24	9,9	383	381	14	1 : 1,5	26	1,04	
08:23:15	26,8	24	9,9	386	381	14	1 : 1,6	26	1,04	
08:23:18	26,6	25	10	384	380	14	1 : 1,6	26	1,04	
08:23:20	26,3	25	10	384	380	15	1 : 1,6	26	1,03	
08:23:22	26,0	25	9,9	380	377	15	1 : 1,6	26	1,03	
08:23:25	26,0	25	9,9	384	380	15	1 : 1,6	26	1,03	
08:23:27	26,3	24	10	386	380	14	1 : 1,6	26	1,05	
08:23:29	26,6	24	10	387	379	14	1 : 1,6	26	1,06	
08:23:32	26,7	24	10	385	381	14	1 : 1,6	26	1,06	
08:23:34	27,1	24	10	384	379	14	1 : 1,5	26	1,05	
08:23:36	27,1	24	10	385	379	14	1 : 1,5	26	1,04	
08:23:39	27,0	24	9,8	384	379	14	1 : 1,6	26	1,04	
08:23:41	27,0	24	10	385	379	14	1 : 1,6	26	1,04	
08:23:43	26,9	24	9,9	385	380	15	1 : 1,6	26	1,04	
08:23:45	26,9	24	9,9	386	380	14	1 : 1,6	26	1,04	
08:23:48	26,7	25	10	384	382	14	1 : 1,6	26	1,04	
08:23:50	26,6	25	10	387	382	15	1 : 1,6	26	1,03	
08:23:52	26,3	25	10	383	379	15	1 : 1,6	26	1,03	
08:23:55	26,1	25	9,9	382	379	15	1 : 1,5	26	1,04	
08:23:57	25,9	25	9,9	383	380	15	1 : 1,6	26	1,05	
08:23:59	26,3	24	10	386	379	14	1 : 1,6	26	1,05	
08:24:02	26,5	24	10	385	380	14	1 : 1,6	26	1,06	
08:24:04	26,6	24	10	384	378	14	1 : 1,6	26	1,06	
08:24:06	27,1	24	10	386	378	14	1 : 1,6	26	1,05	
08:24:09	27,0	24	10	384	383	14	1 : 1,6	26	1,04	
08:24:11	26,9	24	10	383	383	14	1 : 1,6	26	1,03	
08:24:13	27,0	24	10	387	380	14	1 : 1,5	26	1,03	
08:24:15	26,8	24	9,9	384	378	15	1 : 1,6	26	1,04	
08:24:18	26,7	24	9,9	385	382	14	1 : 1,5	26	1,04	
08:24:20	26,5	24	10	384	379	15	1 : 1,5	26	1,03	
08:24:22	26,3	25	10	384	382	15	1 : 1,5	26	1,03	
08:24:25	25,9	25	10	381	380	15	1 : 1,5	26	1,04	
08:24:27	26,0	25	9,9	384	380	15	1 : 1,5	26	1,05	
08:24:29	25,8	25	9,9	383	378	15	1 : 1,5	26	1,05	
08:24:32	25,9	25	9,9	385	380	15	1 : 1,6	26	1,05	
08:24:34	25,8	25	9,9	384	380	15	1 : 1,6	26	1,05	
08:24:36	26,0	25	10	387	381	15	1 : 1,6	26	1,04	
08:24:39	26,2	24	10	388	380	14	1 : 1,6	26	1,04	
08:24:41	26,5	24	10	386	380	14	1 : 1,6	26	1,05	
08:24:43	26,6	24	10	384	378	14	1 : 1,6	26	1,05	
08:24:45	26,8	24	10	385	380	14	1 : 1,6	26	1,06	
08:24:48	27,0	24	10	384	378	14	1 : 1,6	26	1,06	
08:24:50	26,9	24	10	384	381	14	1 : 1,6	26	1,07	
08:24:52	27,0	24	10	385	381	14	1 : 1,6	26	1,06	
08:24:55	27,1	24	10	385	379	14	1 : 1,6	26	1,05	
08:24:57	28,2	24	8,1	460	379	16	1 : 1,6	26	#	
08:24:59	28,8	21	8,0	394	379	14	1 : 1,6	26	#	
08:25:02	28,6	21	7,9	387	379	13	1 : 1,6	26	#	
08:25:04	28,3	22	8,0	386	381	14	1 : 1,6	26	#	
08:25:06	28,3	22	7,9	385	379	14	1 : 1,5	26	#	
08:25:09	28,2	22	7,8	385	379	14	1 : 1,5	26	#	
08:25:11	28,1	22	8,0	386	380	14	1 : 1,6	26	#	
08:25:13	27,9	22	7,9	386	380	14	1 : 1,6	26	#	
08:25:16	27,9	22	8,1	387	382	14	1 : 1,6	26	1,00	
08:25:18	27,8	22	8,0	387	382	14	1 : 1,6	26	1,01	
08:25:20	27,8	22	7,9	386	380	14	1 : 1,5	26	1,01	
08:25:22	27,8	22	8,0	386	380	14	1 : 1,6	26	1,01	
08:25:25	28,0	21	8,1	386	380	13	1 : 1,6	26	1,02	
08:25:27	28,3	21	8,1	386	382	13	1 : 1,6	26	1,02	
08:25:29	28,5	21	8,1	386	379	13	1 : 1,5	26	1,02	
08:25:32	28,6	21	8,0	385	378	13	1 : 1,5	26	1,02	
08:25:34	28,9	21	8,1	387	380	13	1 : 1,5	26	1,02	
08:25:36	28,7	21	8,0	385	381	13	1 : 1,6	26	1,01	
08:25:39	28,7	21	7,9	385	381	13	1 : 1,5	26	1,00	
08:25:41	28,5	22	7,8	386	381	14	1 : 1,6	26	0,99	
08:25:43	28,4	22	8,0	386	381	14	1 : 1,5	26	0,99	
08:25:46	28,2	22	7,9	385	380	14	1 : 1,5	26	0,98	
08:25:48	28,2	22	7,8	385	380	14	1 : 1,5	26	0,98	
08:25:50	28,1	21	7,9	385	383	14	1 : 1,5	26	0,99	
08:25:52	28,0	22	8,0	386	380	14	1 : 1,6	26	1,00	
08:25:55	27,7	22	8,0	384	379	14	1 : 1,6	26	1,00	
08:25:57	27,5	22	8,0	385	380	14	1 : 1,6	26	1,01	
08:25:59	27,7	22	7,9	385	379	14	1 : 1,6	26	1,02	
08:26:02	27,6	22	8,0	382	379	14	1 : 1,6	26	1,02	
08:26:04	27,7	22	8,0	384	379	14	1 : 1,5	26	1,01	
08:26:06	27,9	21	8,1	385	378	13	1 : 1,6	26	1,01	
08:26:09	28,0	21	8,1	384	378	13	1 : 1,5	26	1,01	
08:26:11	28,2	21	8,1	387	380	13	1 : 1,6	26	1,01	
08:26:13	28,3	21	8,1	387	380	13	1 : 1,6	26	1,02	
08:26:16	28,6	21	8,1	388	380	13	1 : 1,6	26	1,01	
08:26:18	28,6	21	8,1	384	379	13	1 : 1,6	26	1,00	
08:26:20	28,7	21	8,0	386	380	13	1 : 1,6	26	1,00	
08:26:22	28,1	22	7,8	386	380	14	1 : 1,6	26	1,01	
08:26:25	28,2	22	8,0	386	380	14	1 : 1,5	26	1,01	
08:26:27	27,7	22	8,1	385	378	14	1 : 1,5	26	1,01	
08:26:29	27,5	22	8,0	382	378	14	1 : 1,5	26	1,00	
08:26:32	27,6	22	8,0	386	380	14	1 : 1,6	26	0,99	
08:26:34	27,9	22	8,1	386	380	14	1 : 1,5	26	1,00	
08:26:36	28,0	21	8,1	385	380	13	1 : 1,5	26	1,02	
08:26:39	28,2	21	8,1	385	380	13	1 : 1,5	26	1,02	
08:26:41	28,3	21	8,1	385	378	13	1 : 1,6	26	1,03	
08:26:43	28,5	21	8,1	386	379	13	1 : 1,6	26	1,03	
08:26:46	28,4	21	8,1	384	379	13	1 : 1,6	26	1,04	
08:26:48	28,4	21	8,1	388	380	13	1 : 1,6	26	1,04	
08:26:50	28,5	21	8,1	387	380	13	1 : 1,5	26	1,05	
08:26:53	28,5	21	8,1	385	379	13	1 : 1,6	26	1,05	
08:26:55	28,5	21	8,1	384	379	13	1 : 1,5	26	1,04	
08:26:57	28,6	21	8,1	386	377	13	1 : 1,6	26	1,03	
08:26:59	28,7	21	8,0	384	377	13	1 : 1,6	26	1,01	
08:27:02	28,5	22	7,8	386	377	14	1 : 1,6	26	1,02	
08:27:04	28,5	22	8,0	383	377	14	1 : 1,6	26	1,01	
08:27:06	28,1	22	7,9	385	383	14	1 : 1,5	26	1,00	
08:27:09	28,1	22	7,8	386	380	14	1 : 1,5	26	1,00	
08:27:11	28,0	22	7,9	387	381	14	1 : 1,6	26	1,00	
08:27:13	27,8	22	8,0	384	379	14	1 : 1,6	26	1,01	
08:27:16	27,9	22	8,0	384	379	14	1 : 1,6	26	1,01	
08:27:18	27,4	22	8,0	382	379	14	1 : 1,6	26	1,02	
08:27:20	27,5	22	7,9	384	379	14	1 : 1,6	26	1,01	
08:27:23	27,4	22	8,0	383	380	14	1 : 1,6	26	1,01	
08:27:25	27,8	22	8,1	386	380	13	1 : 1,5	26	1,01	
08:27:27	27,9	21	8,1	384	378	13	1 : 1,6	26	1,01	
08:27:29	28,2	21	8,1	383	381	13	1 : 1,6	26	1,02	
08:27:32	28,3	21	8,1	385	379	13	1 : 1,6	26	1,03	
08:27:34	28,2	21	8,1	386	381	13	1 : 1,5	26	1,03	
08:27:36	28,4	21	8,1	387	379	13	1 : 1,6	26	1,03	
08:27:39	28,5	21	8,1	387	380	13	1 : 1,6	26	1,03	
08:27:41	28,4	21	8,0	386	379	13	1 : 1,6	26	1,01	
08:27:43	28,4	21	8,0	383	381	13	1 : 1,6	26	1,00	
08:27:46	28,4	21	7,8	387	381	14	1 : 1,6	26	0,99	
08:27:48	28,3	22	8,0	385	379	14	1 : 1,6	26	0,98	
08:27:50	28,0	22	7,9	383	378	14	1 : 1,5	26	0,97	
08:27:53	28,2	22	7,8	388	379	14	1 : 1,6	26	0,96	
08:27:55	27,9	22	7,9	384	378	14	1 : 1,6	26	0,97	
08:27:57	27,9	22	7,9	385	379	14	1 : 1,6	26	0,98	
08:27:59	27,7	22	8,0	383	380	14	1 : 1,6	26	0,99	
08:28:02	27,6	22	8,0	385	380	14	1 : 1,5	26	1,00	
08:28:04	27,3	22	8,0	384	380	14	1 : 1,6	26	1,01	
08:28:06	27,3	22	8,0	383	379	14	1 : 1,6	26	1,02	
08:28:09	27,5	22	8,0	384	379	14	1 : 1,6	26	1,01	
08:28:11	27,3	22	8,0	382	379	14	1 : 1,6	26	1,01	
08:28:13	27,4	22	8,0	383	381	14	1 : 1,5	26	1,01	
08:28:16	27,5	22	8,1	386	381	14	1 : 1,5	26	1,00	
08:28:18	27,8	21	8,1	384	378	13	1 : 1,6	26	1,01	
08:28:20	27,9	21	8,1	384	378	13	1 : 1,5	26	1,03	
08:28:23	27,9	21	8,1	385	380	13	1 : 1,6	26	1,04	
08:28:25	28,2	21	8,1	385	379	13	1 : 1,6	26	1,05	
08:28:27	28,1	21	8,1	386	381	13	1 : 1,5	26	1,06	
08:28:29	28,3	21	8,0	386	382	13	1 : 1,5	26	1,06	
08:28:32	28,5	21	8,1	386	379	13	1 : 1,6	26	1,06	
08:28:34	28,4	21	8,1	385	378	13	1 : 1,6	26	1,05	
08:28:36	28,5	21	8,1	384	377	13	1 : 1,6	26	1,04	
08:28:39	28,4	22	8,1	386	381	13	1 : 1,6	26	1,00	
08:28:41	28,4	22	8,0	386	381	14	1 : 1,6	26	0,99	
08:28:43	28,2	22	7,9	385	379	14	1 : 1,5	26	0,97	
08:28:46	28,1	22	7,8	385	379	14	1 : 1,5	26	0,95	
08:28:48	28,1	22	8,0	387	380	14	1 : 1,6	26	0,94	
08:28:50	28,0	22	7,9	385	381	14	1 : 1,6	26	0,97	
08:28:53	28,1	22	7,9	387	381	14	1 : 1,6	26	0,98	
08:28:55	27,9	22	7,8	385	380	14	1 : 1,5	26	0,99	
08:28:57	27,7	22	7,8	386	379	14	1 : 1,6	26	1,00	
08:29:00	27,8	22	7,9	386	380	14	1 : 1,6	26	#	
08:29:02	28,6	22	6,0	457	380	16	1 : 1,6	26	#	
08:29:04	28,9	20	6,0	397	384	14	1 : 1,5	26	#	
08:29:06	28,6	20	6,1	386	380	13	1 : 1,6	26	#	
08:29:09	28,5	19	6,0	386	381	14	1 : 1,6	26	#	
08:29:11	28,6	19	6,1	387	381	13	1 : 1,6	26	#	
08:29:13	28,7	19	6,1	384	380	13	1 : 1,5	26	#	
08:29:16	29,1	19	6,2	389	380	13	1 : 1,5	26	#	
08:29:18	29,2	19	6,1	387	378	13	1 : 1,6	26	#	
08:29:20	29,2	19	6,1	386	378	13	1 : 1,6	26	0,99	
08:29:23	29,5	19	6,0	386	379	13	1 : 1,6	26	0,99	
08:29:25	29,2	19	6,0	383	382	13	1 : 1,5	26	0,98	
08:29:27	29,2	19	6,0	386	380	13	1 : 1,6	26	0,98	
08:29:29	28,7	19	5,8	382	380	14	1 : 1,5	26	0,98	
08:29:32	28,5	19	5,9	385	378	13	1 : 1,6	26	0,98	
08:29:34	28,5	19	5,9	383	378	14	1 : 1,6	26	0,98	
08:29:36	28,4	19	6,1	383	378	13	1 : 1,6	26	0,97	
08:29:39	28,3	20	6,0	385	380	14	1 : 1,5	26	0,97	
08:29:41	28,3	20	6,1	385	380	14	1 : 1,5	26	0,97	
08:29:43	28,4	19	6,1	382	378	13	1 : 1,6	26	0,98	
08:29:46	29,0	19	6,2	388	378	13	1 : 1,6	26	0,99	
08:29:48	29,1	19	6,1	384	378	13	1 : 1,6	26	1,00	
08:29:50	29,2	19	6,1	384	378	13	1 : 1,5	26	1,00	
08:29:53	29,3	19	6,0	385	378	13	1 : 1,6	26	0,99	
08:29:55	29,3	19	6,1	383	379	13	1 : 1,6	26	0,98	
08:29:57	29,1	19	5,7	386	381	13	1 : 1,5	26	0,98	
08:30:00	29,0	19	6,0	384	381	13	1 : 1,6	26	0,98	
08:30:02	28,7	19	5,9	385	381	14	1 : 1,5	26	0,98	
08:30:04	28,5	19	5,8	384	379	14	1 : 1,6	26	0,97	
08:30:06	28,5	19	5,9	385	379	14	1 : 1,6	26	0,97	
08:30:09	28,2	20	5,9	384	381	14	1 : 1,6	26	0,97	
08:30:11	28,2	20	5,9	386	382	14	1 : 1,5	26	0,97	
08:30:13	28,1	20	6,1	384	379	14	1 : 1,5	26	0,98	
08:30:16	28,0	20	6,0	384	379	14	1 : 1,5	26	0,99	
08:30:18	28,3	20	6,1	386	380	14	1 : 1,6	26	0,99	
08:30:20	28,3	19	6,1	384	379	13	1 : 1,6	26	0,98	
08:30:23	28,4	19	6,2	384	379	13	1 : 1,6	26	0,98	
08:30:25	28,6	19	6,2	385	379	13	1 : 1,6	26	0,99	
08:30:27	28,9	19	6,1	386	379	13	1 : 1,5	26	0,99	
08:30:29	28,9	19	6,1	385	379	13	1 : 1,6	26	1,00	
08:30:32	29,0	19	6,0	388	380	13	1 : 1,6	26	1,00	
08:30:34	29,3	19	6,1	386	379	13	1 : 1,6	26	0,99	
08:30:36	29,0	19	6,1	382	378	13	1 : 1,6	26	0,98	
08:30:39	28,9	19	5,8	386	380	13	1 : 1,6	26	0,98	
08:30:41	28,7	19	6,0	384	380	13	1 : 1,6	26	0,97	
08:30:43	28,5	19	5,8	382	377	14	1 : 1,6	26	0,97	
08:30:46	28,4	19	5,8	385	380	14	1 : 1,6	26	0,97	
08:30:48	28,1	20	6,0	383	380	14	1 : 1,5	26	0,96	
08:30:50	28,2	20	5,9	385	383	14	1 : 1,6	26	0,96	
08:30:53	28,0	20	6,1	383	380	14	1 : 1,6	26	0,97	
08:30:55	28,0	20	6,0	382	382	14	1 : 1,5	26	0,98	
08:30:57	27,9	20	6,1	385	379	14	1 : 1,6	26	0,98	
08:31:00	28,1	19	6,1	385	380	13	1 : 1,6	26	0,99	
08:31:02	28,4	19	6,2	386	380	13	1 : 1,6	26	0,99	
08:31:04	28,6	19	6,1	382	379	13	1 : 1,5	26	0,99	
08:31:06	28,7	19	6,1	386	379	13	1 : 1,6	26	1,00	
08:31:09	28,8	19	6,1	386	380	13	1 : 1,6	26	1,03	
08:31:11	28,9	19	6,0	388	380	13	1 : 1,6	26	1,02	
08:31:13	28,9	19	6,1	385	379	13	1 : 1,6	26	1,01	
08:31:16	28,6	19	5,8	383	380	13	1 : 1,6	26	1,01	
08:31:18	28,4	20	6,0	384	380	14	1 : 1,6	26	1,00	
08:31:20	28,1	19	5,8	384	380	14	1 : 1,5	26	1,00	
08:31:23	28,1	19	5,9	385	380	14	1 : 1,5	26	1,00	
08:31:25	28,0	20	6,0	384	380	14	1 : 1,6	26	0,99	
08:31:27	27,8	20	6,1	385	379	14	1 : 1,6	26	0,97	
08:31:30	27,8	20	6,0	383	381	14	1 : 1,6	26	0,97	
08:31:32	27,7	20	6,0	385	381	14	1 : 1,6	26	0,98	
08:31:34	27,9	20	6,1	387	380	14	1 : 1,5	26	0,99	
08:31:36	27,9	20	6,1	382	378	14	1 : 1,5	26	0,99	
08:31:39	27,9	19	6,1	384	379	13	1 : 1,6	26	0,99	
08:31:41	28,2	19	6,2	384	378	13	1 : 1,6	26	0,99	
08:31:43	28,3	19	6,2	386	379	13	1 : 1,5	26	0,99	
08:31:46	28,6	19	6,1	388	380	13	1 : 1,6	26	1,00	
08:31:48	28,7	19	6,1	385	380	13	1 : 1,5	26	1,01	
08:31:50	28,8	19	6,0	387	379	13	1 : 1,5	26	1,00	
08:31:53	28,7	19	6,1	383	379	13	1 : 1,5	26	0,99	
08:31:55	28,5	19	5,8	385	378	14	1 : 1,5	26	0,99	
08:31:57	28,4	19	6,0	382	378	13	1 : 1,5	26	0,98	
08:32:00	28,1	20	5,8	385	380	14	1 : 1,6	26	0,98	
08:32:02	28,1	20	5,8	384	378	14	1 : 1,5	26	0,98	
08:32:04	27,8	20	6,0	381	378	14	1 : 1,5	26	0,97	
08:32:06	27,7	20	6,0	383	378	14	1 : 1,6	26	0,97	
08:32:09	27,7	20	6,1	384	380	14	1 : 1,5	26	0,98	
08:32:11	27,7	20	6,0	384	383	14	1 : 1,5	26	0,98	
08:32:13	27,6	20	6,1	384	380	14	1 : 1,6	26	0,99	
08:32:16	27,7	20	6,1	385	379	14	1 : 1,6	26	0,99	
08:32:18	28,0	19	6,1	385	380	13	1 : 1,6	26	0,99	
08:32:20	28,1	19	6,2	384	380	13	1 : 1,5	26	0,99	
08:32:23	28,4	19	6,2	386	380	13	1 : 1,5	26	1,00	
08:32:25	28,5	19	6,1	386	379	13	1 : 1,6	26	1,00	
08:32:27	28,4	19	6,1	384	379	13	1 : 1,6	26	1,00	
08:32:30	28,6	19	6,0	387	381	13	1 : 1,6	26	1,01	
08:32:32	28,6	19	6,0	387	381	13	1 : 1,6	26	1,00	
08:32:34	28,6	19	6,1	385	379	13	1 : 1,5	26	1,00	
08:32:36	28,5	19	6,1	383	378	13	1 : 1,5	26	0,99	
08:32:39	28,3	19	5,8	387	381	14	1 : 1,6	26	0,97	
08:32:41	28,3	20	6,0	384	379	14	1 : 1,6	26	0,97	
08:32:43	28,0	20	5,8	383	381	14	1 : 1,5	26	0,96	
08:32:46	28,0	20	5,8	386	380	14	1 : 1,6	26	0,96	
08:32:48	27,9	20	5,9	385	380	14	1 : 1,5	26	0,96	
08:32:50	27,8	20	5,9	386	378	14	1 : 1,6	26	0,97	
08:32:53	27,6	20	6,1	383	378	14	1 : 1,6	26	0,97	
08:32:55	27,5	20	6,0	383	379	14	1 : 1,6	26	0,98	
08:32:57	27,6	20	6,0	385	380	14	1 : 1,6	26	0,99	
08:33:00	27,5	20	6,1	384	378	14	1 : 1,5	26	0,99	
08:33:02	27,9	20	6,1	384	380	13	1 : 1,5	26	0,99	
